<OPTIONS>
Enable two-probe mode: yes
Calculate surface areas: no
<OUTPUT>
Result for: C383B24F96N48O48Pd12Se24
Elapsed time: 2.497377 s
<VOLUME>
Van der Waals volume: 7356.069000 A^3
Probe inaccessible volume: 1301.319000 A^3
Small probe core volume: 64.341000 A^3
Small probe shell volume: 543.861000 A^3
Large probe core volume: No physical meaning, contains all volume outside the structure.
Large probe shell volume: 28712.340000 A^3
Cavity ID           Volume              Core Surface        Shell Surface       Position            
                    (A^3)               (A^2)               (A^2)               (A,A,A)             
1                   52.434000           0.000000            0.000000            (21, 14, 9.2)       
2                   46.791000           0.000000            0.000000            (-7.1, 2.3, 24)     
3                   43.929000           0.000000            0.000000            (-8.1, 20, -3.2)    
4                   34.803000           0.000000            0.000000            (-24, 21, 4.6)      
5                   26.703000           0.000000            0.000000            (11, 22, -3.3)      
6                   24.354000           0.000000            0.000000            (12, 3, 23)         
7                   23.166000           0.000000            0.000000            (-8.9, 7.5, 4.2)    
8                   21.978000           0.000000            0.000000            (-21, 12, 12)       
9                   19.089000           0.000000            0.000000            (12, 27, -4.7)      
10                  18.927000           0.000000            0.000000            (-2, 1.2, 33)       
11                  17.820000           0.000000            0.000000            (5.8, 24, -6.2)     
12                  16.497000           0.000000            0.000000            (7.3, 27, -6.8)     
13                  16.335000           0.000000            0.000000            (9, 12, -0.9)       
14                  14.283000           0.000000            0.000000            (-21, 9.6, 15)      
15                  14.229000           0.000000            0.000000            (6.1, 1.5, 15)      
16                  13.500000           0.000000            0.000000            (-13, 2.2, 26)      
17                  12.501000           0.000000            0.000000            (21, 25, -0.45)     
18                  11.691000           0.000000            0.000000            (24, 23, 3.6)       
19                  10.044000           0.000000            0.000000            (13, 2.2, 27)       
20                  8.721000            0.000000            0.000000            (-7.4, 11, -0.15)   
21                  8.613000            0.000000            0.000000            (-13, 2.6, 21)      
22                  8.424000            0.000000            0.000000            (22, 10, 15)        
23                  7.830000            0.000000            0.000000            (-10, 23, -5.2)     
24                  6.885000            0.000000            0.000000            (-17, 8.8, 8.7)     
25                  6.750000            0.000000            0.000000            (17, 4.2, 20)       
26                  6.615000            0.000000            0.000000            (-0.3, 0.9, 37)     
27                  6.048000            0.000000            0.000000            (-18, 6, 14)        
28                  5.832000            0.000000            0.000000            (-5.6, 5.2, 4.2)    
29                  5.751000            0.000000            0.000000            (14, 10, 2.8)       
30                  5.643000            0.000000            0.000000            (-2.7, 8.9, 43)     
31                  5.643000            0.000000            0.000000            (-19, 22, -0.75)    
32                  5.373000            0.000000            0.000000            (9.3, 6.2, 4)       
33                  5.022000            0.000000            0.000000            (-0.15, -0.3, 16)   
34                  5.022000            0.000000            0.000000            (1.8, 4.3, 11)      
35                  4.671000            0.000000            0.000000            (7.1, 14, 1.3)      
36                  4.320000            0.000000            0.000000            (-3.6, 24, -7.5)    
37                  4.185000            0.000000            0.000000            (-0.15, 1.2, 11)    
38                  4.131000            0.000000            0.000000            (3.9, 1.4, 10)      
39                  4.077000            0.000000            0.000000            (6.4, 9.4, -8.9e-16)
40                  3.969000            0.000000            0.000000            (5.2, -0.15, 32)    
41                  3.726000            0.000000            0.000000            (-10, 2.3, 26)      
42                  3.672000            0.000000            0.000000            (-1.9, 13, 6)       
43                  3.321000            0.000000            0.000000            (-18, 12, 9.1)      
44                  3.132000            0.000000            0.000000            (4, 7.4, 15)        
45                  3.024000            0.000000            0.000000            (-0.45, 7, 15)      
46                  2.997000            0.000000            0.000000            (-1.4, 4.4, 33)     
47                  2.970000            0.000000            0.000000            (4.1, 8.6, 12)      
48                  2.700000            0.000000            0.000000            (-3.6, 9.2, 0.15)   
49                  2.592000            0.000000            0.000000            (-19, 14, 13)       
50                  2.565000            0.000000            0.000000            (4.5, 13, 5.5)      
51                  2.484000            0.000000            0.000000            (5.1, 7.4, 31)      
52                  2.133000            0.000000            0.000000            (10, 28, -2.7)      
53                  2.052000            0.000000            0.000000            (7.5, 8.7, 0.9)     
54                  1.620000            0.000000            0.000000            (1.2, 1.2, 36)      
55                  1.512000            0.000000            0.000000            (4.5, 0.9, 11)      
56                  1.458000            0.000000            0.000000            (-22, 11, 13)       
57                  1.377000            0.000000            0.000000            (3.8, 0.9, 11)      
58                  1.188000            0.000000            0.000000            (6.8, 0, 31)        
59                  1.080000            0.000000            0.000000            (-11, 21, -5.4)     
